RRE_sims=[0.131000000000000,22,22;
    0.131000000000000,25,25;
    0.385000000000000,17,17;
    0.385000000000000,20,20;
    0.581000000000000,17,17;
    0.581000000000000,19,19];
BPR_sims=[0.131000000000000,26,26;
    0.131000000000000,27,27;
    0.131000000000000,30,30;
    0.385000000000000,21,21;
    0.385000000000000,22,22;
    0.581000000000000,20,20;
    0.581000000000000,21,21];
FPR_sims=[0.131000000000000,32,31;
    0.131000000000000,35,33.5000000000000;
    0.131000000000000,50,43.8000000000000;
    0.131000000000000,53,45.6000000000000;
    0.385000000000000,24,23.5000000000000;
    0.385000000000000,25,24.2000000000000;
    0.385000000000000,26,25;
    0.385000000000000,30,27.7000000000000;
    0.385000000000000,50,40;
    0.385000000000000,55,43;
    0.385000000000000,60,46;
    0.385000000000000,65,48.8000000000000;
    0.581000000000000,23,22.2000000000000;
    0.581000000000000,60,43.1000000000000;
    0.581000000000000,80,54.3000000000000];
TMR_sims=[0.131000000000000,55,46.1000000000000;
    0.131000000000000,60,48.2000000000000;
    0.131000000000000,70,52.6000000000000;
    0.131000000000000,80,57.5000000000000;
    0.131000000000000,86,59.5000000000000;
    0.131000000000000,87,59.7000000000000;
    0.131000000000000,88,59.2000000000000;
    0.131000000000000,89.5000000000000,53.7000000000000;
    0.385000000000000,70,50.9000000000000;
    0.385000000000000,75,53.2000000000000;
    0.385000000000000,79,54.9000000000000;
    0.385000000000000,80,57.7000000000000;
    0.385000000000000,81,55.7000000000000;
    0.385000000000000,82,55.9000000000000;
    0.385000000000000,88,56.2000000000000;
    0.385000000000000,89.5000000000000,49;
    0.581000000000000,84,56.6000000000000;
    0.581000000000000,88,56.9000000000000];